[9.92831362e-01 4.62740287e-03 8.14434787e-04 5.59010783e-04
 3.75288977e-04 2.28687966e-04 1.26596153e-04 7.42633039e-05
 6.31509294e-05 6.02756742e-05 5.04602523e-05 4.45563777e-05
 3.20269319e-05 2.67147274e-05 2.46216832e-05 1.48968593e-05
 1.46983437e-05 1.29367327e-05 1.00084349e-05 8.60607404e-06]
[3.88397490e+01 1.81024868e-01 3.18608415e-02 2.18686066e-02
 1.46813751e-02 8.94631610e-03 4.95246523e-03 2.90519437e-03
 2.47047620e-03 2.35799567e-03 1.97401453e-03 1.74305385e-03
 1.25289958e-03 1.04508514e-03 9.63204863e-04 5.82767928e-04
 5.75001961e-04 5.06087409e-04 3.91531848e-04 3.36671230e-04]


 9.92831362e-01 
 4.62740287e-03 
 8.14434787e-04 
 5.59010783e-04
 3.75288977e-04 
 2.28687966e-04 
 1.26596153e-04 
 7.42633039e-05
 6.31509294e-05 
 6.02756742e-05 
 5.04602523e-05 
 4.45563777e-05
 3.20269319e-05 
 2.67147274e-05 
 2.46216832e-05 
 1.48968593e-05
 1.46983437e-05 
 1.29367327e-05 
 1.00084349e-05 
 8.60607404e-06


 3.88397490e+01 
 1.81024868e-01 
 3.18608415e-02 
 2.18686066e-02
 1.46813751e-02 
 8.94631610e-03 
 4.95246523e-03 
 2.90519437e-03
 2.47047620e-03 
 2.35799567e-03 
 1.97401453e-03 
 1.74305385e-03
 1.25289958e-03 
 1.04508514e-03 
 9.63204863e-04 
 5.82767928e-04
 5.75001961e-04 
 5.06087409e-04 
 3.91531848e-04 
 3.36671230e-04



 0.44827312 
 0.21221306 
 0.09412258 
 0.06612045 
 0.04045553 
 0.03344958
 0.02113882 
 0.01270603 
 0.01217911 
 0.0099338  
 0.0095578  
 0.0085488
 0.00688848 
 0.00563915 
 0.00418376 
 0.00374001 
 0.00316439 
 0.00280673
 0.00262378 
 0.00225501



0.58624188 
0.27752765 
0.12309147 
0.0864709  
0.05290687 
0.04374464
 0.0276449  
 0.01661667 
 0.01592757 
 0.01299121 
 0.01249949 
 0.01117993
 0.00900861 
 0.00737475 
 0.00547143 
 0.00489111 
 0.00413832 
 0.00367057
 0.00343132 
 0.00294906



 [[ 
     
     0.32737777  
     0.28653604  
     0.29468349  
     0.3063832   
     0.27491331  
     0.11700038
   0.1846038   
   0.18606031  
   0.09901616 
   -0.06267179  
   0.01408662  
   0.01796311
  -0.09292528 
  -0.25777113 
  -0.1494371  
  -0.19921895 
  -0.26375029 
  -0.30404868
  -0.26708242 
  -0.29555347



  0.13950303 
  -0.05672114  
  0.03795808  
  0.06779353 
  -0.09342228 
  -0.32114978
  -0.17531143 
  -0.21122041 
  -0.33545595 
  -0.39236477 
  -0.32915595 
  -0.35530314
  -0.36347679 
  -0.12301701 
  -0.22249019 
  -0.23338644 
  -0.0753695   
  0.1446065
   0.03478945  
   0.06313022





0.33931187  
0.30018107  
0.29006784  
0.31527707  
0.23466129 
-0.12359869
   0.04886224  
   0.04290776 
   -0.14815741  
   0.01670243 
   -0.08308416 
   -0.11826008
   0.08727968  
   0.39496016  
   0.18744193  
   0.25356204  
   0.37470066  
   0.09367503
   0.14676178  
   0.24449246